0 0.0450617 0.660185 0.0901235 0.296296 0.587879
0 0.349383 0.586111 0.153086 0.42037 0.88802
0 0.911111 0.588889 0.175309 0.451852 0.933222
5 0.504938 0.446296 0.980247 0.462963 0.935802
0 0.182716 0.604167 0.246914 0.471296 0.942779
0 0.05 0.668519 0.1 0.296296
5 0.502469 0.466204 0.995062 0.547222
0 0.917284 0.59213 0.162963 0.450926
0 0.17284 0.603241 0.222222 0.469444
0 0.35 0.588889 0.146914 0.424074
0 0.05 0.668519 0.1 0.296296
5 0.502469 0.466204 0.995062 0.547222
0 0.917284 0.59213 0.162963 0.450926
0 0.17284 0.603241 0.222222 0.469444
0 0.35 0.588889 0.146914 0.424074
0 0.05 0.668519 0.1 0.296296
5 0.502469 0.466204 0.995062 0.547222
0 0.917284 0.59213 0.162963 0.450926
0 0.17284 0.603241 0.222222 0.469444
0 0.35 0.588889 0.146914 0.424074
0 0.05 0.668519 0.1 0.296296
5 0.502469 0.466204 0.995062 0.547222
0 0.917284 0.59213 0.162963 0.450926
0 0.17284 0.603241 0.222222 0.469444
0 0.35 0.588889 0.146914 0.424074
0 0.05 0.668519 0.1 0.296296
5 0.502469 0.466204 0.995062 0.547222
0 0.917284 0.59213 0.162963 0.450926
0 0.17284 0.603241 0.222222 0.469444
0 0.35 0.588889 0.146914 0.424074
