27 0.787891 0.509722 0.0320312 0.141667 0.257882
0 0.927734 0.765278 0.144531 0.458333 0.412026
27 0.375 0.802083 0.071875 0.3875 0.847652
0 0.486719 0.634028 0.742188 0.7125 0.882824
0 0.733594 0.522917 0.3 0.929167 0.916878
27 0.787891 0.509722 0.0320312 0.141667 0.257882
0 0.927734 0.765278 0.144531 0.458333 0.412026
27 0.375 0.802083 0.071875 0.3875 0.847652
0 0.486719 0.634028 0.742188 0.7125 0.882824
0 0.733594 0.522917 0.3 0.929167 0.916878
27 0.787891 0.509722 0.0320312 0.141667 0.257882
0 0.927734 0.765278 0.144531 0.458333 0.412026
27 0.375 0.802083 0.071875 0.3875 0.847652
0 0.486719 0.634028 0.742188 0.7125 0.882824
0 0.733594 0.522917 0.3 0.929167 0.916878
27 0.787891 0.509722 0.0320312 0.141667 0.257882
0 0.927734 0.765278 0.144531 0.458333 0.412026
27 0.375 0.802083 0.071875 0.3875 0.847652
0 0.486719 0.634028 0.742188 0.7125 0.882824
0 0.733594 0.522917 0.3 0.929167 0.916878
27 0.787891 0.509722 0.0320312 0.141667 0.257882
0 0.927734 0.765278 0.144531 0.458333 0.412026
27 0.375 0.802083 0.071875 0.3875 0.847652
0 0.486719 0.634028 0.742188 0.7125 0.882824
0 0.733594 0.522917 0.3 0.929167 0.916878
27 0.787891 0.509722 0.0320312 0.141667 0.257882
0 0.927734 0.765278 0.144531 0.458333 0.412026
27 0.375 0.802083 0.071875 0.3875 0.847652
0 0.486719 0.634028 0.742188 0.7125 0.882824
0 0.733594 0.522917 0.3 0.929167 0.916878
27 0.787891 0.509722 0.0320312 0.141667 0.257882
0 0.927734 0.765278 0.144531 0.458333 0.412026
27 0.375 0.802083 0.071875 0.3875 0.847652
0 0.486719 0.634028 0.742188 0.7125 0.882824
0 0.733594 0.522917 0.3 0.929167 0.916878
27 0.787891 0.509722 0.0320312 0.141667 0.257882
0 0.927734 0.765278 0.144531 0.458333 0.412026
27 0.375 0.802083 0.071875 0.3875 0.847652
0 0.486719 0.634028 0.742188 0.7125 0.882824
0 0.733594 0.522917 0.3 0.929167 0.916878
27 0.787891 0.509722 0.0320312 0.141667 0.257882
0 0.927734 0.765278 0.144531 0.458333 0.412026
27 0.375 0.802083 0.071875 0.3875 0.847652
0 0.486719 0.634028 0.742188 0.7125 0.882824
0 0.733594 0.522917 0.3 0.929167 0.916878
27 0.787891 0.509722 0.0320312 0.141667 0.257882
0 0.927734 0.765278 0.144531 0.458333 0.412026
27 0.375 0.802083 0.071875 0.3875 0.847652
0 0.486719 0.634028 0.742188 0.7125 0.882824
0 0.733594 0.522917 0.3 0.929167 0.916878
27 0.370313 0.793056 0.05625 0.413889
0 0.430078 0.638889 0.703906 0.719444
0 0.742188 0.529167 0.309375 0.930556
